#include <Adafruit_GFX.h>
#include <Adafruit_SSD1306.h>

#define SCREEN_I2C_ADDR 0x3D // or 0x3C
#define SCREEN_WIDTH 128     // OLED display width, in pixels
#define SCREEN_HEIGHT 64     // OLED display height, in pixels
#define OLED_RST_PIN -1      // Reset pin (-1 if not available)

Adafruit_SSD1306 display(128, 64, &Wire, OLED_RST_PIN);

// OLED Animation: heart
// Code auto-generated by https://wokwi.com/animator, graphics by icons8.com

#define FRAME_DELAY (42)
#define FRAME_WIDTH (48)
#define FRAME_HEIGHT (48)
#define FRAME_COUNT (sizeof(frames) / sizeof(frames[0]))
const byte PROGMEM frames[][288] = {
  {0,0,0,0,0,0,0,0,0,0,0,0,0,0,0,0,0,0,0,0,0,0,0,0,0,0,0,0,0,0,0,0,0,0,0,0,0,0,0,0,0,0,0,63,224,7,252,0,0,255,248,31,255,0,1,192,60,60,7,192,7,128,14,112,1,224,6,0,7,224,0,224,14,0,3,192,0,112,28,0,1,128,0,56,24,0,0,0,0,24,56,0,0,0,0,24,56,0,0,0,0,12,48,0,0,0,0,12,48,0,0,0,0,12,48,0,0,0,0,12,48,0,0,0,0,12,48,0,0,0,0,12,48,0,0,0,0,28,56,0,0,0,0,28,24,0,0,0,0,24,24,0,0,0,0,56,12,0,0,0,0,56,12,0,0,0,0,112,6,0,0,0,0,112,7,0,0,0,0,224,3,128,0,0,1,192,1,128,0,0,1,192,1,192,0,0,3,128,0,240,0,0,7,0,0,120,0,0,30,0,0,60,0,0,60,0,0,30,0,0,120,0,0,7,128,0,224,0,0,3,192,3,192,0,0,1,240,7,128,0,0,0,120,30,0,0,0,0,60,60,0,0,0,0,15,240,0,0,0,0,7,224,0,0,0,0,3,128,0,0,0,0,0,0,0,0,0,0,0,0,0,0,0,0,0,0,0,0},
  {0,0,0,0,0,0,0,0,0,0,0,0,0,0,0,0,0,0,0,0,0,0,0,0,0,0,0,0,0,0,0,0,0,0,0,0,0,0,0,0,0,0,0,63,224,7,252,0,0,255,248,31,255,0,1,192,60,60,7,192,7,128,14,112,1,224,6,0,7,224,0,224,14,0,3,192,0,112,28,0,1,128,0,56,24,0,0,0,0,24,56,0,0,0,0,24,56,0,0,0,0,12,48,0,0,0,0,12,48,0,0,0,0,12,48,0,0,0,0,12,48,0,0,0,0,12,48,0,0,0,0,12,48,0,0,0,0,28,56,0,0,0,0,28,24,0,0,0,0,24,24,0,0,0,0,56,12,0,0,0,0,56,12,0,0,0,0,112,6,0,0,0,0,112,7,0,0,0,0,224,3,128,0,0,1,192,1,128,0,0,1,192,1,192,0,0,3,128,0,240,0,0,7,0,0,120,0,0,30,0,0,60,0,0,60,0,0,30,0,0,120,0,0,7,128,0,224,0,0,3,192,3,192,0,0,1,240,7,128,0,0,0,120,30,0,0,0,0,60,60,0,0,0,0,15,240,0,0,0,0,7,224,0,0,0,0,3,128,0,0,0,0,0,0,0,0,0,0,0,0,0,0,0,0,0,0,0,0},
  {0,0,0,0,0,0,0,0,0,0,0,0,0,0,0,0,0,0,0,0,0,0,0,0,0,0,0,0,0,0,0,0,0,0,0,0,0,0,0,0,0,0,0,63,224,7,252,0,0,255,248,31,255,0,1,192,60,60,7,192,7,128,14,112,1,224,6,0,7,224,0,224,14,0,3,192,0,112,28,0,1,128,0,56,24,0,0,0,0,24,56,0,0,0,0,24,56,0,0,0,0,12,48,0,0,0,0,12,48,0,0,0,0,12,48,0,0,0,0,12,48,0,0,0,0,12,48,0,0,0,0,12,48,0,0,0,0,28,56,0,0,0,0,28,24,0,0,0,0,24,24,0,0,0,0,56,12,0,0,0,0,56,12,0,0,0,0,112,6,0,0,0,0,112,7,0,0,0,0,224,3,128,0,0,1,192,1,128,0,0,1,192,1,192,0,0,3,128,0,240,0,0,7,0,0,120,0,0,30,0,0,60,0,0,60,0,0,30,0,0,120,0,0,7,128,0,224,0,0,3,192,3,192,0,0,1,240,7,128,0,0,0,120,30,0,0,0,0,60,60,0,0,0,0,15,240,0,0,0,0,7,224,0,0,0,0,3,128,0,0,0,0,0,0,0,0,0,0,0,0,0,0,0,0,0,0,0,0},
  {0,0,0,0,0,0,0,0,0,0,0,0,0,0,0,0,0,0,0,0,0,0,0,0,0,0,0,0,0,0,0,0,0,0,0,0,0,0,0,0,0,0,0,63,224,7,252,0,0,255,248,31,255,0,1,192,60,60,7,192,7,128,14,112,1,224,6,0,7,224,0,224,14,0,3,192,0,112,28,0,1,128,0,56,24,0,0,0,0,24,56,0,0,0,0,24,56,0,0,0,0,12,48,0,0,0,0,12,48,0,0,0,0,12,48,0,0,0,0,12,48,0,0,0,0,12,48,0,0,0,0,12,48,0,0,0,0,28,56,0,0,0,0,28,24,0,0,0,0,24,24,0,0,0,0,56,12,0,0,0,0,56,12,0,0,0,0,112,6,0,0,0,0,112,7,0,0,0,0,224,3,128,0,0,1,192,1,128,0,0,1,192,1,192,0,0,3,128,0,240,0,0,7,0,0,120,0,0,30,0,0,60,0,0,60,0,0,30,0,0,120,0,0,7,128,0,224,0,0,3,192,3,192,0,0,1,240,7,128,0,0,0,120,30,0,0,0,0,60,60,0,0,0,0,15,240,0,0,0,0,7,224,0,0,0,0,3,128,0,0,0,0,0,0,0,0,0,0,0,0,0,0,0,0,0,0,0,0},
  {0,0,0,0,0,0,0,0,0,0,0,0,0,0,0,0,0,0,0,0,0,0,0,0,0,0,0,0,0,0,0,0,0,0,0,0,0,0,0,0,0,0,0,0,0,0,0,0,0,15,224,7,248,0,0,127,248,31,254,0,0,240,62,120,15,0,1,192,14,240,3,128,3,128,3,192,1,192,7,0,3,192,0,224,6,0,1,128,0,96,14,0,0,0,0,48,12,0,0,0,0,48,12,0,0,0,0,48,12,0,0,0,0,48,12,0,0,0,0,48,12,0,0,0,0,48,12,0,0,0,0,48,12,0,0,0,0,48,12,0,0,128,0,48,12,0,1,128,0,112,6,0,0,0,0,96,6,0,0,0,0,224,3,0,0,0,0,224,3,128,0,0,1,192,1,128,0,0,1,128,0,192,0,0,3,128,0,224,0,0,7,0,0,112,0,0,14,0,0,56,0,0,28,0,0,30,0,0,56,0,0,15,0,0,240,0,0,3,128,1,192,0,0,1,224,7,128,0,0,0,240,15,0,0,0,0,60,28,0,0,0,0,30,120,0,0,0,0,7,224,0,0,0,0,3,192,0,0,0,0,1,128,0,0,0,0,0,0,0,0,0,0,0,0,0,0,0,0,0,0,0,0,0,0,0,0,0,0},
  {0,0,0,0,0,0,0,0,0,0,0,0,0,0,0,0,0,0,0,0,0,0,0,0,0,0,0,0,0,0,0,0,0,0,0,0,0,0,0,0,0,0,0,0,0,0,0,0,0,0,0,0,0,0,0,3,224,3,224,0,0,31,248,31,248,0,0,120,30,120,30,0,0,224,15,224,7,0,1,192,3,192,3,128,1,128,1,128,1,128,3,0,0,128,0,192,3,0,0,0,0,192,7,0,0,0,0,64,6,0,0,0,0,96,6,0,0,0,0,96,6,0,2,32,0,96,6,0,15,240,0,96,2,0,31,248,0,96,2,0,31,248,0,192,3,0,15,240,0,192,3,0,15,240,1,192,1,128,7,224,1,128,1,128,3,192,3,128,0,192,0,0,3,0,0,96,0,0,7,0,0,112,0,0,14,0,0,56,0,0,28,0,0,28,0,0,56,0,0,14,0,0,112,0,0,7,128,0,224,0,0,1,192,3,128,0,0,0,224,7,0,0,0,0,120,30,0,0,0,0,28,56,0,0,0,0,15,240,0,0,0,0,3,192,0,0,0,0,1,128,0,0,0,0,0,0,0,0,0,0,0,0,0,0,0,0,0,0,0,0,0,0,0,0,0,0,0,0,0,0,0,0,0,0,0,0,0,0},
  {0,0,0,0,0,0,0,0,0,0,0,0,0,0,0,0,0,0,0,0,0,0,0,0,0,6,0,0,64,0,0,63,128,0,252,0,7,255,240,7,255,192,7,243,253,159,159,224,15,128,63,252,1,240,30,0,14,240,0,120,60,0,7,224,0,60,56,0,3,192,0,28,112,0,1,128,0,14,112,0,0,0,0,6,224,0,0,0,0,7,224,0,252,31,128,3,192,3,254,127,192,3,192,7,255,255,224,3,192,15,255,255,224,3,192,15,255,255,240,3,192,15,255,255,240,3,192,15,255,255,240,3,192,15,255,255,240,7,224,15,255,255,240,7,96,7,255,255,240,7,96,7,255,255,224,14,112,3,255,255,224,14,48,3,255,255,192,28,56,1,255,255,128,28,28,0,255,255,0,56,28,0,127,254,0,120,14,0,63,252,0,112,7,0,31,240,0,224,7,128,7,224,1,192,15,192,3,128,3,128,12,224,0,0,7,0,0,120,0,0,14,0,0,60,0,0,60,8,0,30,0,0,124,12,0,111,128,0,254,0,0,99,192,3,196,0,0,1,240,7,128,0,0,0,248,31,128,0,0,0,252,61,128,0,0,0,159,240,0,0,0,0,7,224,0,0,0,0,3,192,0,0,0,0,0,0,0,0},
  {0,0,0,0,0,0,0,0,0,0,0,0,0,2,0,0,32,0,0,6,0,0,96,0,0,6,1,128,96,0,14,0,1,128,64,224,6,0,1,128,0,224,0,63,225,135,252,0,0,255,248,31,255,0,1,255,252,63,255,192,7,255,254,127,255,224,7,255,255,255,255,224,15,255,255,255,255,240,31,255,255,255,255,248,31,255,255,255,255,248,63,255,255,255,255,248,63,255,255,255,255,252,63,255,255,255,255,252,63,255,255,255,255,252,63,255,255,255,255,252,63,255,255,255,255,252,63,255,255,255,255,252,63,255,255,255,255,252,63,255,255,255,255,252,31,255,255,255,255,248,31,255,255,255,255,248,15,255,255,255,255,248,15,255,255,255,255,240,7,255,255,255,255,240,7,255,255,255,255,224,3,255,255,255,255,192,1,255,255,255,255,192,1,255,255,255,255,128,0,255,255,255,255,0,12,127,255,255,254,0,28,63,255,255,252,16,16,31,255,255,248,24,0,7,255,255,224,24,0,3,255,255,192,0,0,1,255,255,130,0,0,224,127,254,7,0,0,192,63,252,3,0,0,128,15,240,0,0,0,0,135,225,128,0,0,1,195,129,192,0,0,1,128,0,128,0,0,0,0,0,0,0,0,0,0,0,0,0},
  {0,0,0,0,0,0,0,6,1,128,96,0,0,6,1,128,96,0,0,6,1,128,96,0,28,0,1,128,0,112,12,0,1,128,0,96,0,0,0,0,0,64,0,63,224,7,252,0,0,255,248,31,255,0,1,255,252,63,255,192,7,255,254,127,255,224,7,255,255,255,255,224,15,255,255,255,255,240,31,255,255,255,255,248,31,255,255,255,255,248,63,255,255,255,255,248,63,255,255,255,255,252,63,255,255,255,255,252,63,255,255,255,255,252,63,255,255,255,255,252,63,255,255,255,255,252,63,255,255,255,255,252,63,255,255,255,255,252,63,255,255,255,255,252,31,255,255,255,255,248,31,255,255,255,255,248,15,255,255,255,255,248,15,255,255,255,255,240,7,255,255,255,255,240,7,255,255,255,255,224,3,255,255,255,255,192,1,255,255,255,255,192,1,255,255,255,255,128,0,255,255,255,255,0,0,127,255,255,254,0,56,63,255,255,252,16,56,31,255,255,248,24,32,7,255,255,224,24,0,3,255,255,192,8,0,1,255,255,128,0,0,0,127,254,0,0,1,192,63,252,3,128,3,128,15,240,1,128,1,0,7,224,1,192,0,1,131,128,192,0,0,3,128,0,192,0,0,3,128,0,96,0,0,2,0,0,64,0},
  {0,4,1,128,32,0,0,6,1,128,96,0,0,6,1,128,96,0,24,0,1,128,0,48,24,0,0,0,0,112,8,0,0,0,0,32,0,0,0,0,0,0,0,63,224,7,252,0,0,255,248,31,255,0,1,255,252,63,255,192,7,255,254,127,255,224,7,255,255,255,255,224,15,255,255,255,255,240,31,255,255,255,255,248,31,255,255,255,255,248,63,255,255,255,255,248,63,255,255,255,255,252,63,255,255,255,255,252,63,255,255,255,255,252,63,255,255,255,255,252,63,255,255,255,255,252,63,255,255,255,255,252,63,255,255,255,255,252,63,255,255,255,255,252,31,255,255,255,255,248,31,255,255,255,255,248,15,255,255,255,255,248,15,255,255,255,255,240,7,255,255,255,255,240,7,255,255,255,255,224,3,255,255,255,255,192,1,255,255,255,255,192,1,255,255,255,255,128,0,255,255,255,255,0,0,127,255,255,254,0,16,63,255,255,252,0,112,31,255,255,248,0,96,7,255,255,224,12,0,3,255,255,192,12,0,1,255,255,128,0,0,0,127,254,0,0,0,0,63,252,0,0,3,128,15,240,1,128,3,128,7,224,0,192,2,0,3,128,0,192,0,1,0,0,64,0,0,3,0,0,96,0,0,3,0,0,96,0},
  {0,4,1,128,32,0,0,6,1,128,96,0,0,0,0,0,0,0,24,0,0,0,0,48,24,0,0,0,0,48,0,0,0,0,0,0,0,0,0,0,0,0,0,63,224,7,252,0,0,255,248,31,255,0,1,255,252,63,255,192,7,255,254,127,255,224,7,255,255,255,255,224,15,255,255,255,255,240,31,255,255,255,255,248,31,255,255,255,255,248,63,255,255,255,255,248,63,255,255,255,255,252,63,255,255,255,255,252,63,255,255,255,255,252,63,255,255,255,255,252,63,255,255,255,255,252,63,255,255,255,255,252,63,255,255,255,255,252,63,255,255,255,255,252,31,255,255,255,255,248,31,255,255,255,255,248,15,255,255,255,255,248,15,255,255,255,255,240,7,255,255,255,255,240,7,255,255,255,255,224,3,255,255,255,255,192,1,255,255,255,255,192,1,255,255,255,255,128,0,255,255,255,255,0,0,127,255,255,254,0,0,63,255,255,252,0,96,31,255,255,248,0,96,7,255,255,224,4,0,3,255,255,192,12,0,1,255,255,128,0,0,0,127,254,0,0,0,0,63,252,0,0,1,0,15,240,0,0,3,0,7,224,0,192,2,0,3,128,0,192,0,0,0,0,0,0,0,3,0,0,96,0,0,3,0,0,96,0},
  {0,0,0,0,0,0,0,0,0,0,0,0,0,0,0,0,0,0,0,0,0,0,0,0,0,0,0,0,0,0,0,0,0,0,0,0,0,0,0,0,0,0,0,63,224,7,252,0,0,255,248,31,255,0,1,255,252,63,255,192,7,255,254,127,255,224,7,255,255,255,255,224,15,255,255,255,255,240,31,255,255,255,255,248,31,255,255,255,255,248,63,255,255,255,255,248,63,255,255,255,255,252,63,255,255,255,255,252,63,255,255,255,255,252,63,255,255,255,255,252,63,255,255,255,255,252,63,255,255,255,255,252,63,255,255,255,255,252,63,255,255,255,255,252,31,255,255,255,255,248,31,255,255,255,255,248,15,255,255,255,255,248,15,255,255,255,255,240,7,255,255,255,255,240,7,255,255,255,255,224,3,255,255,255,255,192,1,255,255,255,255,192,1,255,255,255,255,128,0,255,255,255,255,0,0,127,255,255,254,0,0,63,255,255,252,0,0,31,255,255,248,0,0,7,255,255,224,0,0,3,255,255,192,0,0,1,255,255,128,0,0,0,127,254,0,0,0,0,63,252,0,0,0,0,15,240,0,0,0,0,7,224,0,0,0,0,3,128,0,0,0,0,0,0,0,0,0,0,0,0,0,0,0,0,0,0,0,0},
  {0,0,0,0,0,0,0,0,0,0,0,0,0,0,0,0,0,0,0,0,0,0,0,0,0,0,0,0,0,0,0,0,0,0,0,0,0,0,0,0,0,0,0,63,224,7,252,0,0,255,248,31,255,0,1,255,252,63,255,192,7,255,254,127,255,224,7,255,255,255,255,224,15,255,255,255,255,240,31,255,255,255,255,248,31,255,255,255,255,248,63,255,255,255,255,248,63,255,255,255,255,252,63,255,255,255,255,252,63,255,255,255,255,252,63,255,255,255,255,252,63,255,255,255,255,252,63,255,255,255,255,252,63,255,255,255,255,252,63,255,255,255,255,252,31,255,255,255,255,248,31,255,255,255,255,248,15,255,255,255,255,248,15,255,255,255,255,240,7,255,255,255,255,240,7,255,255,255,255,224,3,255,255,255,255,192,1,255,255,255,255,192,1,255,255,255,255,128,0,255,255,255,255,0,0,127,255,255,254,0,0,63,255,255,252,0,0,31,255,255,248,0,0,7,255,255,224,0,0,3,255,255,192,0,0,1,255,255,128,0,0,0,127,254,0,0,0,0,63,252,0,0,0,0,15,240,0,0,0,0,7,224,0,0,0,0,3,128,0,0,0,0,0,0,0,0,0,0,0,0,0,0,0,0,0,0,0,0},
  {0,0,0,0,0,0,0,0,0,0,0,0,0,0,0,0,0,0,0,0,0,0,0,0,0,0,0,0,0,0,0,0,0,0,0,0,0,0,0,0,0,0,0,63,224,7,252,0,0,255,248,31,255,0,1,255,252,63,255,192,7,255,254,127,255,224,7,255,255,255,255,224,15,255,255,255,255,240,31,255,255,255,255,248,31,255,255,255,255,248,63,255,255,255,255,248,63,255,255,255,255,252,63,255,255,255,255,252,63,255,255,255,255,252,63,255,255,255,255,252,63,255,255,255,255,252,63,255,255,255,255,252,63,255,255,255,255,252,63,255,255,255,255,252,31,255,255,255,255,248,31,255,255,255,255,248,15,255,255,255,255,248,15,255,255,255,255,240,7,255,255,255,255,240,7,255,255,255,255,224,3,255,255,255,255,192,1,255,255,255,255,192,1,255,255,255,255,128,0,255,255,255,255,0,0,127,255,255,254,0,0,63,255,255,252,0,0,31,255,255,248,0,0,7,255,255,224,0,0,3,255,255,192,0,0,1,255,255,128,0,0,0,127,254,0,0,0,0,63,252,0,0,0,0,15,240,0,0,0,0,7,224,0,0,0,0,3,128,0,0,0,0,0,0,0,0,0,0,0,0,0,0,0,0,0,0,0,0},
  {0,0,0,0,0,0,0,0,0,0,0,0,0,0,0,0,0,0,0,0,0,0,0,0,0,0,0,0,0,0,0,0,0,0,0,0,0,0,0,0,0,0,0,63,224,7,252,0,0,255,248,31,255,0,1,255,252,63,255,192,7,255,254,127,255,224,7,255,255,255,255,224,15,255,255,255,255,240,31,255,255,255,255,248,31,255,255,255,255,248,63,255,255,255,255,248,63,255,255,255,255,252,63,255,255,255,255,252,63,255,255,255,255,252,63,255,255,255,255,252,63,255,255,255,255,252,63,255,255,255,255,252,63,255,255,255,255,252,63,255,255,255,255,252,31,255,255,255,255,248,31,255,255,255,255,248,15,255,255,255,255,248,15,255,255,255,255,240,7,255,255,255,255,240,7,255,255,255,255,224,3,255,255,255,255,192,1,255,255,255,255,192,1,255,255,255,255,128,0,255,255,255,255,0,0,127,255,255,254,0,0,63,255,255,252,0,0,31,255,255,248,0,0,7,255,255,224,0,0,3,255,255,192,0,0,1,255,255,128,0,0,0,127,254,0,0,0,0,63,252,0,0,0,0,15,240,0,0,0,0,7,224,0,0,0,0,3,128,0,0,0,0,0,0,0,0,0,0,0,0,0,0,0,0,0,0,0,0},
  {0,0,0,0,0,0,0,0,0,0,0,0,0,0,0,0,0,0,0,0,0,0,0,0,0,0,0,0,0,0,0,0,0,0,0,0,0,0,0,0,0,0,0,63,224,7,252,0,0,255,248,31,255,0,1,255,252,63,255,192,7,255,254,127,255,224,7,255,255,255,255,224,15,255,255,255,255,240,31,255,255,255,255,248,31,255,255,255,255,248,63,255,255,255,255,248,63,255,255,255,255,252,63,255,255,255,255,252,63,255,255,255,255,252,63,255,255,255,255,252,63,255,255,255,255,252,63,255,255,255,255,252,63,255,255,255,255,252,63,255,255,255,255,252,31,255,255,255,255,248,31,255,255,255,255,248,15,255,255,255,255,248,15,255,255,255,255,240,7,255,255,255,255,240,7,255,255,255,255,224,3,255,255,255,255,192,1,255,255,255,255,192,1,255,255,255,255,128,0,255,255,255,255,0,0,127,255,255,254,0,0,63,255,255,252,0,0,31,255,255,248,0,0,7,255,255,224,0,0,3,255,255,192,0,0,1,255,255,128,0,0,0,127,254,0,0,0,0,63,252,0,0,0,0,15,240,0,0,0,0,7,224,0,0,0,0,3,128,0,0,0,0,0,0,0,0,0,0,0,0,0,0,0,0,0,0,0,0},
  {0,0,0,0,0,0,0,0,0,0,0,0,0,0,0,0,0,0,0,0,0,0,0,0,0,0,0,0,0,0,0,0,0,0,0,0,0,0,0,0,0,0,0,63,224,7,252,0,0,255,248,31,255,0,1,255,252,63,255,192,7,255,254,127,255,224,7,255,255,255,255,224,15,255,255,255,255,240,31,255,255,255,255,248,31,255,255,255,255,248,63,255,255,255,255,248,63,255,255,255,255,252,63,255,255,255,255,252,63,255,255,255,255,252,63,255,255,255,255,252,63,255,255,255,255,252,63,255,255,255,255,252,63,255,255,255,255,252,63,255,255,255,255,252,31,255,255,255,255,248,31,255,255,255,255,248,15,255,255,255,255,248,15,255,255,255,255,240,7,255,255,255,255,240,7,255,255,255,255,224,3,255,255,255,255,192,1,255,255,255,255,192,1,255,255,255,255,128,0,255,255,255,255,0,0,127,255,255,254,0,0,63,255,255,252,0,0,31,255,255,248,0,0,7,255,255,224,0,0,3,255,255,192,0,0,1,255,255,128,0,0,0,127,254,0,0,0,0,63,252,0,0,0,0,15,240,0,0,0,0,7,224,0,0,0,0,3,128,0,0,0,0,0,0,0,0,0,0,0,0,0,0,0,0,0,0,0,0},
  {0,0,0,0,0,0,0,0,0,0,0,0,0,0,0,0,0,0,0,0,0,0,0,0,0,0,0,0,0,0,0,0,0,0,0,0,0,0,0,0,0,0,0,63,224,7,252,0,0,255,248,31,255,0,1,255,252,63,255,192,7,255,254,127,255,224,7,255,255,255,255,224,15,255,255,255,255,240,31,255,255,255,255,248,31,255,255,255,255,248,63,255,255,255,255,248,63,255,255,255,255,252,63,255,255,255,255,252,63,255,255,255,255,252,63,255,255,255,255,252,63,255,255,255,255,252,63,255,255,255,255,252,63,255,255,255,255,252,63,255,255,255,255,252,31,255,255,255,255,248,31,255,255,255,255,248,15,255,255,255,255,248,15,255,255,255,255,240,7,255,255,255,255,240,7,255,255,255,255,224,3,255,255,255,255,192,1,255,255,255,255,192,1,255,255,255,255,128,0,255,255,255,255,0,0,127,255,255,254,0,0,63,255,255,252,0,0,31,255,255,248,0,0,7,255,255,224,0,0,3,255,255,192,0,0,1,255,255,128,0,0,0,127,254,0,0,0,0,63,252,0,0,0,0,15,240,0,0,0,0,7,224,0,0,0,0,3,128,0,0,0,0,0,0,0,0,0,0,0,0,0,0,0,0,0,0,0,0},
  {0,0,0,0,0,0,0,0,0,0,0,0,0,0,0,0,0,0,0,0,0,0,0,0,0,0,0,0,0,0,0,0,0,0,0,0,0,127,224,3,254,0,1,255,248,15,255,128,7,255,252,63,255,224,15,255,254,127,255,240,31,255,255,255,255,248,31,255,255,255,255,248,63,255,255,255,255,252,63,255,255,255,255,252,127,255,255,255,255,254,127,255,255,255,255,254,127,255,255,255,255,254,127,255,255,255,255,254,255,255,255,255,255,254,127,255,255,255,255,255,127,255,255,255,255,254,127,255,255,255,255,254,127,255,255,255,255,254,127,255,255,255,255,254,127,255,255,255,255,254,63,255,255,255,255,254,63,255,255,255,255,252,31,255,255,255,255,252,31,255,255,255,255,248,15,255,255,255,255,248,15,255,255,255,255,240,7,255,255,255,255,224,3,255,255,255,255,192,1,255,255,255,255,192,0,255,255,255,255,0,0,127,255,255,254,0,0,63,255,255,252,0,0,31,255,255,248,0,0,15,255,255,240,0,0,7,255,255,192,0,0,1,255,255,128,0,0,0,255,255,0,0,0,0,63,252,0,0,0,0,31,248,0,0,0,0,7,224,0,0,0,0,3,192,0,0,0,0,1,128,0,0,0,0,0,0,0,0},
  {0,0,0,0,0,0,0,0,0,0,0,0,0,0,0,0,0,0,0,0,0,0,0,0,0,0,0,0,0,0,0,63,128,0,252,0,0,255,240,7,255,128,3,255,252,31,255,224,15,255,254,127,255,240,31,255,254,255,255,248,63,255,255,255,255,252,63,255,255,255,255,252,127,255,255,255,255,254,127,255,255,255,255,254,255,255,255,255,255,255,255,255,255,255,255,255,255,255,255,255,255,255,255,255,255,255,255,255,255,255,255,255,255,255,255,255,255,255,255,255,255,255,255,255,255,255,255,255,255,255,255,255,255,255,255,255,255,255,255,255,255,255,255,255,127,255,255,255,255,255,127,255,255,255,255,254,127,255,255,255,255,254,63,255,255,255,255,252,63,255,255,255,255,252,31,255,255,255,255,248,31,255,255,255,255,248,15,255,255,255,255,240,7,255,255,255,255,224,3,255,255,255,255,192,1,255,255,255,255,128,0,255,255,255,255,0,0,127,255,255,254,0,0,63,255,255,252,0,0,31,255,255,248,0,0,15,255,255,240,0,0,3,255,255,192,0,0,1,255,255,128,0,0,0,255,254,0,0,0,0,63,252,0,0,0,0,31,240,0,0,0,0,7,224,0,0,0,0,3,192,0,0,0,0,0,0,0,0},
  {0,0,0,0,0,0,0,0,0,0,0,0,0,0,0,0,0,0,0,0,0,0,0,0,0,0,0,0,0,0,0,0,0,0,0,0,0,7,0,0,240,0,0,127,240,7,255,0,1,255,252,31,255,128,3,255,254,127,255,224,15,255,255,255,255,224,15,255,255,255,255,240,31,255,255,255,255,248,31,255,255,255,255,248,63,255,255,255,255,252,63,255,255,255,255,252,63,255,255,255,255,252,127,255,255,255,255,252,127,255,255,255,255,254,127,255,255,255,255,254,63,255,255,255,255,254,63,255,255,255,255,252,63,255,255,255,255,252,63,255,255,255,255,252,63,255,255,255,255,252,31,255,255,255,255,252,31,255,255,255,255,248,15,255,255,255,255,248,15,255,255,255,255,240,15,255,255,255,255,240,7,255,255,255,255,224,3,255,255,255,255,192,1,255,255,255,255,128,0,255,255,255,255,0,0,127,255,255,254,0,0,63,255,255,252,0,0,31,255,255,248,0,0,15,255,255,240,0,0,7,255,255,224,0,0,1,255,255,128,0,0,0,255,255,0,0,0,0,127,252,0,0,0,0,31,248,0,0,0,0,15,224,0,0,0,0,3,192,0,0,0,0,1,128,0,0,0,0,0,0,0,0,0,0,0,0,0,0},
  {0,0,0,0,0,0,0,0,0,0,0,0,0,0,0,0,0,0,0,0,0,0,0,0,0,0,0,0,0,0,0,0,0,0,0,0,0,0,0,0,0,0,0,1,0,0,64,0,0,63,240,7,252,0,0,255,252,31,255,0,1,255,254,127,255,128,3,255,255,255,255,192,7,255,255,255,255,224,15,255,255,255,255,240,15,255,255,255,255,240,31,255,255,255,255,240,31,255,255,255,255,248,31,255,255,255,255,248,31,255,255,255,255,248,31,255,255,255,255,248,31,255,255,255,255,248,31,255,255,255,255,248,31,255,255,255,255,248,31,255,255,255,255,248,15,255,255,255,255,240,15,255,255,255,255,240,7,255,255,255,255,240,7,255,255,255,255,224,3,255,255,255,255,224,3,255,255,255,255,192,1,255,255,255,255,128,0,255,255,255,255,0,0,127,255,255,255,0,0,127,255,255,252,0,0,31,255,255,248,0,0,15,255,255,240,0,0,7,255,255,224,0,0,3,255,255,192,0,0,1,255,255,0,0,0,0,127,254,0,0,0,0,63,248,0,0,0,0,15,240,0,0,0,0,7,224,0,0,0,0,1,128,0,0,0,0,0,0,0,0,0,0,0,0,0,0,0,0,0,0,0,0,0,0,0,0,0,0},
  {0,0,0,0,0,0,0,0,0,0,0,0,0,0,0,0,0,0,0,0,0,0,0,0,0,0,0,0,0,0,0,0,0,0,0,0,0,0,0,0,0,0,0,7,192,1,240,0,0,127,240,15,254,0,0,240,252,62,31,128,3,192,30,112,3,192,7,0,7,224,1,224,6,0,3,192,0,96,14,0,1,128,0,48,28,1,252,31,128,56,24,7,254,127,224,24,24,15,255,255,240,24,24,15,255,255,240,24,56,31,255,255,248,24,56,31,255,255,248,28,24,31,255,255,248,28,24,31,255,255,248,24,24,31,255,255,248,24,24,31,255,255,248,24,24,31,255,255,248,56,12,15,255,255,240,56,12,15,255,255,240,112,6,7,255,255,224,112,7,3,255,255,192,224,3,3,255,255,192,224,3,129,255,255,1,192,1,192,127,254,3,128,0,224,63,252,7,0,0,112,31,248,14,0,0,56,7,224,28,0,0,30,3,192,56,0,0,15,0,0,240,0,0,7,128,1,192,0,0,1,224,7,128,0,0,0,240,15,0,0,0,0,60,28,0,0,0,0,30,120,0,0,0,0,15,224,0,0,0,0,3,192,0,0,0,0,1,128,0,0,0,0,0,0,0,0,0,0,0,0,0,0,0,0,0,0,0,0},
  {0,0,0,0,0,0,0,0,0,0,0,0,0,0,0,0,0,0,0,0,0,0,0,0,0,0,0,0,0,0,0,0,0,0,0,0,0,0,0,0,0,0,0,63,224,7,252,0,0,255,248,31,255,0,1,192,60,60,7,192,7,128,14,112,1,224,6,0,7,224,0,224,14,0,3,192,0,112,28,0,1,128,0,56,24,0,0,0,0,24,56,0,0,0,0,24,56,0,0,0,0,12,48,0,0,0,0,12,48,0,0,0,0,12,48,0,6,48,0,12,48,0,31,248,0,12,48,0,63,252,0,12,48,0,63,252,0,28,56,0,63,252,0,28,24,0,31,252,0,24,24,0,31,248,0,56,12,0,15,240,0,56,12,0,7,224,0,112,6,0,3,192,0,112,7,0,1,0,0,224,3,128,0,0,1,192,1,128,0,0,1,192,1,192,0,0,3,128,0,240,0,0,7,0,0,120,0,0,30,0,0,60,0,0,60,0,0,30,0,0,120,0,0,7,128,0,224,0,0,3,192,3,192,0,0,1,240,7,128,0,0,0,120,30,0,0,0,0,60,60,0,0,0,0,15,240,0,0,0,0,7,224,0,0,0,0,3,128,0,0,0,0,0,0,0,0,0,0,0,0,0,0,0,0,0,0,0,0},
  {0,0,0,0,0,0,0,0,0,0,0,0,0,0,0,0,0,0,0,0,0,0,0,0,0,0,0,0,0,0,0,0,0,0,0,0,0,0,0,0,0,0,0,63,224,7,252,0,0,255,248,31,255,0,1,192,60,60,7,192,7,128,14,112,1,224,6,0,7,224,0,224,14,0,3,192,0,112,28,0,1,128,0,56,24,0,0,0,0,24,56,0,0,0,0,24,56,0,0,0,0,12,48,0,0,0,0,12,48,0,0,0,0,12,48,0,0,0,0,12,48,0,0,0,0,12,48,0,0,0,0,12,48,0,0,0,0,28,56,0,1,128,0,28,24,0,1,128,0,24,24,0,0,0,0,56,12,0,0,0,0,56,12,0,0,0,0,112,6,0,0,0,0,112,7,0,0,0,0,224,3,128,0,0,1,192,1,128,0,0,1,192,1,192,0,0,3,128,0,240,0,0,7,0,0,120,0,0,30,0,0,60,0,0,60,0,0,30,0,0,120,0,0,7,128,0,224,0,0,3,192,3,192,0,0,1,240,7,128,0,0,0,120,30,0,0,0,0,60,60,0,0,0,0,15,240,0,0,0,0,7,224,0,0,0,0,3,128,0,0,0,0,0,0,0,0,0,0,0,0,0,0,0,0,0,0,0,0},
  {0,0,0,0,0,0,0,0,0,0,0,0,0,0,0,0,0,0,0,0,0,0,0,0,0,0,0,0,0,0,0,0,0,0,0,0,0,0,0,0,0,0,0,63,224,7,252,0,0,255,248,31,255,0,1,192,60,60,7,192,7,128,14,112,1,224,6,0,7,224,0,224,14,0,3,192,0,112,28,0,1,128,0,56,24,0,0,0,0,24,56,0,0,0,0,24,56,0,0,0,0,12,48,0,0,0,0,12,48,0,0,0,0,12,48,0,0,0,0,12,48,0,0,0,0,12,48,0,0,0,0,12,48,0,0,0,0,28,56,0,0,0,0,28,24,0,0,0,0,24,24,0,0,0,0,56,12,0,0,0,0,56,12,0,0,0,0,112,6,0,0,0,0,112,7,0,0,0,0,224,3,128,0,0,1,192,1,128,0,0,1,192,1,192,0,0,3,128,0,240,0,0,7,0,0,120,0,0,30,0,0,60,0,0,60,0,0,30,0,0,120,0,0,7,128,0,224,0,0,3,192,3,192,0,0,1,240,7,128,0,0,0,120,30,0,0,0,0,60,60,0,0,0,0,15,240,0,0,0,0,7,224,0,0,0,0,3,128,0,0,0,0,0,0,0,0,0,0,0,0,0,0,0,0,0,0,0,0},
  {0,0,0,0,0,0,0,0,0,0,0,0,0,0,0,0,0,0,0,0,0,0,0,0,0,0,0,0,0,0,0,0,0,0,0,0,0,0,0,0,0,0,0,63,224,7,252,0,0,255,248,31,255,0,1,192,60,60,7,192,7,128,14,112,1,224,6,0,7,224,0,224,14,0,3,192,0,112,28,0,1,128,0,56,24,0,0,0,0,24,56,0,0,0,0,24,56,0,0,0,0,12,48,0,0,0,0,12,48,0,0,0,0,12,48,0,0,0,0,12,48,0,0,0,0,12,48,0,0,0,0,12,48,0,0,0,0,28,56,0,0,0,0,28,24,0,0,0,0,24,24,0,0,0,0,56,12,0,0,0,0,56,12,0,0,0,0,112,6,0,0,0,0,112,7,0,0,0,0,224,3,128,0,0,1,192,1,128,0,0,1,192,1,192,0,0,3,128,0,240,0,0,7,0,0,120,0,0,30,0,0,60,0,0,60,0,0,30,0,0,120,0,0,7,128,0,224,0,0,3,192,3,192,0,0,1,240,7,128,0,0,0,120,30,0,0,0,0,60,60,0,0,0,0,15,240,0,0,0,0,7,224,0,0,0,0,3,128,0,0,0,0,0,0,0,0,0,0,0,0,0,0,0,0,0,0,0,0},
  {0,0,0,0,0,0,0,0,0,0,0,0,0,0,0,0,0,0,0,0,0,0,0,0,0,0,0,0,0,0,0,0,0,0,0,0,0,0,0,0,0,0,0,63,224,7,252,0,0,255,248,31,255,0,1,192,60,60,7,192,7,128,14,112,1,224,6,0,7,224,0,224,14,0,3,192,0,112,28,0,1,128,0,56,24,0,0,0,0,24,56,0,0,0,0,24,56,0,0,0,0,12,48,0,0,0,0,12,48,0,0,0,0,12,48,0,0,0,0,12,48,0,0,0,0,12,48,0,0,0,0,12,48,0,0,0,0,28,56,0,0,0,0,28,24,0,0,0,0,24,24,0,0,0,0,56,12,0,0,0,0,56,12,0,0,0,0,112,6,0,0,0,0,112,7,0,0,0,0,224,3,128,0,0,1,192,1,128,0,0,1,192,1,192,0,0,3,128,0,240,0,0,7,0,0,120,0,0,30,0,0,60,0,0,60,0,0,30,0,0,120,0,0,7,128,0,224,0,0,3,192,3,192,0,0,1,240,7,128,0,0,0,120,30,0,0,0,0,60,60,0,0,0,0,15,240,0,0,0,0,7,224,0,0,0,0,3,128,0,0,0,0,0,0,0,0,0,0,0,0,0,0,0,0,0,0,0,0}
};

void setup() {
  display.begin(SSD1306_SWITCHCAPVCC, SCREEN_I2C_ADDR);
}

int frame = 0;
void loop() {
  display.clearDisplay();
  display.drawBitmap(40, 8, frames[frame], FRAME_WIDTH, FRAME_HEIGHT, 1);
  display.display();
  frame = (frame + 1) % FRAME_COUNT;
  delay(FRAME_DELAY);
}